17
18
17
18
17
18
17
18
17
18
17
18
17
18
17
18
17
18
17
18
17
18
17
18
17
18
17
18
17
18
17
18
17
18
17
18
17
18
17
18
17
18
17
18
17
18
17
18
17
18
17
18
17
18
17
18
17
18
17
18
17
18
17
18
17
18
17
18
17
18
17
18
17
18
17
18
17
18
17
18
17
18
17
18
17
18
17
18
17
18
17
18
17
18
17
18
17
18
17
18
17
18
17
18
17
18
17
18
17
18
17
18
17
18
16
17
18
17
18
17
18
17
18
17
18
17
18
17
18
17
18
17
18
17
18
17
18
17
18
17
18
17
18
17
18
17
18
17
18
17
18
5
17
18
17
18
17
18
17
18
17
18
17
18
17
18
17
18
17
18
17
18
17
18
17
18
17
18
17
18
17
18
17
18
17
18
17
18
17
18
17
18
17
18
17
18
17
18
17
18
17
18
17
18
17
18
17
18
17
18
17
18
17
18
15
16
17
18
17
18
17
18
17
18
17
18
17
18
17
18
17
18
17
18
17
18
17
18
17
18
17
18
17
18
17
18
17
18
17
18
17
18
17
18
17
18
17
18
17
18
17
18
17
18
17
18
17
18
17
18
17
18
17
18
17
18
17
18
17
18
17
18
17
18
17
18
17
18
17
18
17
18
17
18
17
18
17
18
17
18
17
18
17
18
17
18
17
18
17
18
17
18
17
18
17
18
17
18
17
18
17
18
17
18
17
18
17
18
17
18
17
18
17
18
17
18
17
18
17
18
17
18
17
18
17
18
17
18
17
18
17
18
17
18
17
18
17
18
17
18
2
6
9
17
18
17
18
17
18
17
18
17
18
17
18
17
18
17
18
17
18
17
18
17
18
17
18
17
18
17
18
17
18
17
18
17
18
17
18
17
18
17
18
17
18
17
18
17
18
17
18
17
18
17
18
17
18
17
18
17
18
17
18
17
18
12
14
17
18
17
18
17
18
19
20
19
20
17
18
17
18
17
18
17
18
